//Коэф. фильтра для порядка 500

package equalizer;

public final class FilterInfo {
    public static final int COUNT_OF_BANDS = 6;
    public static final double[] COFFS_NUM_OF_BAND_0 =  {
            0, 0,
            0, 0,
            0, 0,
            0, 0,
            0, 0,
            0, 0,
            0, 0,
            0, 0,
            0, 0,
            0, 0,
            0, 0,
            0, 0,
            0, 0,
            0, 0,
            0, 0,
            0, 0,
            0, 0,
            0, 0,
            0, 0,
            0, 0,
            0, 0,
            0, 0,
            0, 0,
            0, 0,
            0, 0,
            0, 0,
            0, 0,
            0, 0,
            0, 0,
            0, 0,
            0, 0.00048828125,
            0.00048828125, 0.00048828125,
            0.00048828125, 0.00048828125,
            0.00048828125, 0.00048828125,
            0.00048828125, 0.00048828125,
            0.00048828125, 0.00048828125,
            0.00048828125, 0.00048828125,
            0.00048828125, 0.00048828125,
            0.00048828125, 0.00048828125,
            0.00048828125, 0.00048828125,
            0.00048828125, 0.00048828125,
            0.00048828125, 0.00048828125,
            0.00048828125, 0.00048828125,
            0.00048828125, 0.00048828125,
            0.00048828125, 0.00048828125,
            0.00048828125, 0.00048828125,
            0.00048828125, 0.0009765625,
            0.0009765625, 0.0009765625,
            0.0009765625, 0.0009765625,
            0.0009765625, 0.0009765625,
            0.0009765625, 0.0009765625,
            0.0009765625, 0.0009765625,
            0.0009765625, 0.0009765625,
            0.0009765625, 0.0009765625,
            0.0009765625, 0.0009765625,
            0.0009765625, 0.0009765625,
            0.0009765625, 0.00146484375,
            0.00146484375, 0.00146484375,
            0.00146484375, 0.00146484375,
            0.00146484375, 0.00146484375,
            0.00146484375, 0.00146484375,
            0.00146484375, 0.00146484375,
            0.00146484375, 0.00146484375,
            0.00146484375, 0.00146484375,
            0.00146484375, 0.001953125,
            0.001953125, 0.001953125,
            0.001953125, 0.001953125,
            0.001953125, 0.001953125,
            0.001953125, 0.001953125,
            0.001953125, 0.001953125,
            0.001953125, 0.001953125,
            0.001953125, 0.001953125,
            0.00244140625, 0.00244140625,
            0.00244140625, 0.00244140625,
            0.00244140625, 0.00244140625,
            0.00244140625, 0.00244140625,
            0.00244140625, 0.00244140625,
            0.00244140625, 0.00244140625,
            0.00244140625, 0.00244140625,
            0.0029296875, 0.0029296875,
            0.0029296875, 0.0029296875,
            0.0029296875, 0.0029296875,
            0.0029296875, 0.0029296875,
            0.0029296875, 0.0029296875,
            0.0029296875, 0.0029296875,
            0.0029296875, 0.00341796875,
            0.00341796875, 0.00341796875,
            0.00341796875, 0.00341796875,
            0.00341796875, 0.00341796875,
            0.00341796875, 0.00341796875,
            0.00341796875, 0.00341796875,
            0.00341796875, 0.00341796875,
            0.00341796875, 0.00341796875,
            0.00390625, 0.00390625,
            0.00390625, 0.00390625,
            0.00390625, 0.00390625,
            0.00390625, 0.00390625,
            0.00390625, 0.00390625,
            0.00390625, 0.00390625,
            0.00390625, 0.00390625,
            0.00390625, 0.00390625,
            0.00439453125, 0.00439453125,
            0.00439453125, 0.00439453125,
            0.00439453125, 0.00439453125,
            0.00439453125, 0.00439453125,
            0.00439453125, 0.00439453125,
            0.00439453125, 0.00439453125,
            0.00439453125, 0.00439453125,
            0.00439453125, 0.00439453125,
            0.00439453125, 0.00439453125,
            0.00439453125, 0.00439453125,
            0.00439453125, 0.00439453125,
            0.00439453125, 0.00439453125,
            0.0048828125, 0.0048828125,
            0.0048828125, 0.0048828125,
            0.0048828125, 0.0048828125,
            0.0048828125, 0.0048828125,
            0.0048828125, 0.0048828125,
            0.0048828125, 0.0048828125,
            0.0048828125, 0.0048828125,
            0.0048828125, 0.0048828125,
            0.0048828125, 0.0048828125,
            0.0048828125, 0.0048828125,
            0.0048828125, 0.0048828125,
            0.0048828125, 0.0048828125,
            0.0048828125, 0.0048828125,
            0.0048828125, 0.0048828125,
            0.0048828125, 0.0048828125,
            0.0048828125, 0.0048828125,
            0.0048828125, 0.0048828125,
            0.0048828125, 0.0048828125,
            0.0048828125, 0.0048828125,
            0.0048828125, 0.0048828125,
            0.0048828125, 0.0048828125,
            0.0048828125, 0.0048828125,
            0.0048828125, 0.0048828125,
            0.0048828125, 0.0048828125,
            0.0048828125, 0.00439453125,
            0.00439453125, 0.00439453125,
            0.00439453125, 0.00439453125,
            0.00439453125, 0.00439453125,
            0.00439453125, 0.00439453125,
            0.00439453125, 0.00439453125,
            0.00439453125, 0.00439453125,
            0.00439453125, 0.00439453125,
            0.00439453125, 0.00439453125,
            0.00439453125, 0.00439453125,
            0.00439453125, 0.00439453125,
            0.00439453125, 0.00439453125,
            0.00439453125, 0.00390625,
            0.00390625, 0.00390625,
            0.00390625, 0.00390625,
            0.00390625, 0.00390625,
            0.00390625, 0.00390625,
            0.00390625, 0.00390625,
            0.00390625, 0.00390625,
            0.00390625, 0.00390625,
            0.00390625, 0.00341796875,
            0.00341796875, 0.00341796875,
            0.00341796875, 0.00341796875,
            0.00341796875, 0.00341796875,
            0.00341796875, 0.00341796875,
            0.00341796875, 0.00341796875,
            0.00341796875, 0.00341796875,
            0.00341796875, 0.00341796875,
            0.0029296875, 0.0029296875,
            0.0029296875, 0.0029296875,
            0.0029296875, 0.0029296875,
            0.0029296875, 0.0029296875,
            0.0029296875, 0.0029296875,
            0.0029296875, 0.0029296875,
            0.0029296875, 0.00244140625,
            0.00244140625, 0.00244140625,
            0.00244140625, 0.00244140625,
            0.00244140625, 0.00244140625,
            0.00244140625, 0.00244140625,
            0.00244140625, 0.00244140625,
            0.00244140625, 0.00244140625,
            0.00244140625, 0.001953125,
            0.001953125, 0.001953125,
            0.001953125, 0.001953125,
            0.001953125, 0.001953125,
            0.001953125, 0.001953125,
            0.001953125, 0.001953125,
            0.001953125, 0.001953125,
            0.001953125, 0.001953125,
            0.00146484375, 0.00146484375,
            0.00146484375, 0.00146484375,
            0.00146484375, 0.00146484375,
            0.00146484375, 0.00146484375,
            0.00146484375, 0.00146484375,
            0.00146484375, 0.00146484375,
            0.00146484375, 0.00146484375,
            0.00146484375, 0.00146484375,
            0.0009765625, 0.0009765625,
            0.0009765625, 0.0009765625,
            0.0009765625, 0.0009765625,
            0.0009765625, 0.0009765625,
            0.0009765625, 0.0009765625,
            0.0009765625, 0.0009765625,
            0.0009765625, 0.0009765625,
            0.0009765625, 0.0009765625,
            0.0009765625, 0.0009765625,
            0.0009765625, 0.0009765625,
            0.00048828125, 0.00048828125,
            0.00048828125, 0.00048828125,
            0.00048828125, 0.00048828125,
            0.00048828125, 0.00048828125,
            0.00048828125, 0.00048828125,
            0.00048828125, 0.00048828125,
            0.00048828125, 0.00048828125,
            0.00048828125, 0.00048828125,
            0.00048828125, 0.00048828125,
            0.00048828125, 0.00048828125,
            0.00048828125, 0.00048828125,
            0.00048828125, 0.00048828125,
            0.00048828125, 0.00048828125,
            0.00048828125, 0.00048828125,
            0.00048828125, 0.00048828125,
            0.00048828125, 0.00048828125,
            0, 0,
            0, 0,
            0, 0,
            0, 0,
            0, 0,
            0, 0,
            0, 0,
            0, 0,
            0, 0,
            0, 0,
            0, 0,
            0, 0,
            0, 0,
            0, 0,
            0, 0,
            0, 0,
            0, 0,
            0, 0,
            0, 0,
            0, 0,
            0, 0,
            0, 0,
            0, 0,
            0, 0,
            0, 0,
            0, 0,
            0, 0,
            0, 0,
            0, 0,
            0, 0,
            0
    };

    public static final double[] COFFS_NUM_OF_BAND_1 =  {
            0, 0,
            0, 0,
            0, 0,
            0, 0,
            0, 0,
            0, 0,
            0, 0,
            0, 0,
            0, 0,
            0, 0,
            0, 0,
            0, 0,
            0, 0,
            0, 0,
            0, 0,
            0, 0,
            0, 0,
            0, 0,
            0, 0,
            0, 0,
            0, 0,
            0, 0,
            0, 0,
            0, 0,
            0, 0,
            0, 0,
            0, 0,
            0, 0,
            0, 0,
            0, 0,
            0, 0,
            0, 0,
            -0.00048828125, -0.00048828125,
            -0.00048828125, -0.00048828125,
            -0.00048828125, -0.00048828125,
            -0.00048828125, -0.00048828125,
            -0.00048828125, -0.00048828125,
            -0.00048828125, -0.00048828125,
            -0.00048828125, -0.00048828125,
            -0.00048828125, -0.00048828125,
            -0.00048828125, -0.00048828125,
            -0.00048828125, -0.00048828125,
            0, 0,
            0, 0,
            0, 0,
            0, 0,
            0.00048828125, 0.00048828125,
            0.00048828125, 0.00048828125,
            0.00048828125, 0.00048828125,
            0.00048828125, 0.00048828125,
            0.0009765625, 0.0009765625,
            0.0009765625, 0.0009765625,
            0.0009765625, 0.0009765625,
            0.0009765625, 0.0009765625,
            0.0009765625, 0.0009765625,
            0.0009765625, 0.0009765625,
            0.0009765625, 0.0009765625,
            0.00048828125, 0.00048828125,
            0.00048828125, 0.00048828125,
            0.00048828125, 0,
            0, 0,
            0, -0.00048828125,
            -0.00048828125, -0.00048828125,
            -0.00048828125, -0.0009765625,
            -0.0009765625, -0.0009765625,
            -0.0009765625, -0.00146484375,
            -0.00146484375, -0.00146484375,
            -0.00146484375, -0.00146484375,
            -0.00146484375, -0.001953125,
            -0.001953125, -0.001953125,
            -0.001953125, -0.00146484375,
            -0.00146484375, -0.00146484375,
            -0.00146484375, -0.00146484375,
            -0.00146484375, -0.0009765625,
            -0.0009765625, -0.0009765625,
            -0.00048828125, -0.00048828125,
            0, 0,
            0, 0.00048828125,
            0.00048828125, 0.0009765625,
            0.0009765625, 0.00146484375,
            0.00146484375, 0.001953125,
            0.001953125, 0.00244140625,
            0.00244140625, 0.00244140625,
            0.0029296875, 0.0029296875,
            0.0029296875, 0.0029296875,
            0.0029296875, 0.0029296875,
            0.0029296875, 0.0029296875,
            0.0029296875, 0.0029296875,
            0.0029296875, 0.00244140625,
            0.00244140625, 0.001953125,
            0.001953125, 0.00146484375,
            0.00146484375, 0.0009765625,
            0.00048828125, 0,
            -0.00048828125, -0.00048828125,
            -0.0009765625, -0.00146484375,
            -0.001953125, -0.00244140625,
            -0.0029296875, -0.00341796875,
            -0.00390625, -0.00439453125,
            -0.00439453125, -0.0048828125,
            -0.00537109375, -0.00537109375,
            -0.005859375, -0.005859375,
            -0.005859375, -0.00634765625,
            -0.00634765625, -0.00634765625,
            -0.00634765625, -0.005859375,
            -0.005859375, -0.00537109375,
            -0.0048828125, -0.0048828125,
            -0.00439453125, -0.00341796875,
            -0.0029296875, -0.00244140625,
            -0.00146484375, -0.00048828125,
            0.00048828125, 0.00146484375,
            0.00244140625, 0.00341796875,
            0.00439453125, 0.005859375,
            0.0068359375, 0.00830078125,
            0.00927734375, 0.0107421875,
            0.01220703125, 0.01318359375,
            0.0146484375, 0.01611328125,
            0.01708984375, 0.0185546875,
            0.01953125, 0.02099609375,
            0.02197265625, 0.0234375,
            0.0244140625, 0.025390625,
            0.0263671875, 0.02685546875,
            0.02783203125, 0.02880859375,
            0.029296875, 0.02978515625,
            0.0302734375, 0.0302734375,
            0.03076171875, 0.03076171875,
            0.03076171875, 0.03076171875,
            0.03076171875, 0.0302734375,
            0.0302734375, 0.02978515625,
            0.029296875, 0.02880859375,
            0.02783203125, 0.02685546875,
            0.0263671875, 0.025390625,
            0.0244140625, 0.0234375,
            0.02197265625, 0.02099609375,
            0.01953125, 0.0185546875,
            0.01708984375, 0.01611328125,
            0.0146484375, 0.01318359375,
            0.01220703125, 0.0107421875,
            0.00927734375, 0.00830078125,
            0.0068359375, 0.005859375,
            0.00439453125, 0.00341796875,
            0.00244140625, 0.00146484375,
            0.00048828125, -0.00048828125,
            -0.00146484375, -0.00244140625,
            -0.0029296875, -0.00341796875,
            -0.00439453125, -0.0048828125,
            -0.0048828125, -0.00537109375,
            -0.005859375, -0.005859375,
            -0.00634765625, -0.00634765625,
            -0.00634765625, -0.00634765625,
            -0.005859375, -0.005859375,
            -0.005859375, -0.00537109375,
            -0.00537109375, -0.0048828125,
            -0.00439453125, -0.00439453125,
            -0.00390625, -0.00341796875,
            -0.0029296875, -0.00244140625,
            -0.001953125, -0.00146484375,
            -0.0009765625, -0.00048828125,
            -0.00048828125, 0,
            0.00048828125, 0.0009765625,
            0.00146484375, 0.00146484375,
            0.001953125, 0.001953125,
            0.00244140625, 0.00244140625,
            0.0029296875, 0.0029296875,
            0.0029296875, 0.0029296875,
            0.0029296875, 0.0029296875,
            0.0029296875, 0.0029296875,
            0.0029296875, 0.0029296875,
            0.0029296875, 0.00244140625,
            0.00244140625, 0.00244140625,
            0.001953125, 0.001953125,
            0.00146484375, 0.00146484375,
            0.0009765625, 0.0009765625,
            0.00048828125, 0.00048828125,
            0, 0,
            0, -0.00048828125,
            -0.00048828125, -0.0009765625,
            -0.0009765625, -0.0009765625,
            -0.00146484375, -0.00146484375,
            -0.00146484375, -0.00146484375,
            -0.00146484375, -0.00146484375,
            -0.001953125, -0.001953125,
            -0.001953125, -0.001953125,
            -0.00146484375, -0.00146484375,
            -0.00146484375, -0.00146484375,
            -0.00146484375, -0.00146484375,
            -0.0009765625, -0.0009765625,
            -0.0009765625, -0.0009765625,
            -0.00048828125, -0.00048828125,
            -0.00048828125, -0.00048828125,
            0, 0,
            0, 0,
            0.00048828125, 0.00048828125,
            0.00048828125, 0.00048828125,
            0.00048828125, 0.0009765625,
            0.0009765625, 0.0009765625,
            0.0009765625, 0.0009765625,
            0.0009765625, 0.0009765625,
            0.0009765625, 0.0009765625,
            0.0009765625, 0.0009765625,
            0.0009765625, 0.0009765625,
            0.0009765625, 0.00048828125,
            0.00048828125, 0.00048828125,
            0.00048828125, 0.00048828125,
            0.00048828125, 0.00048828125,
            0.00048828125, 0,
            0, 0,
            0, 0,
            0, 0,
            0, -0.00048828125,
            -0.00048828125, -0.00048828125,
            -0.00048828125, -0.00048828125,
            -0.00048828125, -0.00048828125,
            -0.00048828125, -0.00048828125,
            -0.00048828125, -0.00048828125,
            -0.00048828125, -0.00048828125,
            -0.00048828125, -0.00048828125,
            -0.00048828125, -0.00048828125,
            -0.00048828125, -0.00048828125,
            -0.00048828125, 0,
            0, 0,
            0, 0,
            0, 0,
            0, 0,
            0, 0,
            0, 0,
            0, 0,
            0, 0,
            0, 0,
            0, 0,
            0, 0,
            0, 0,
            0, 0,
            0, 0,
            0, 0,
            0, 0,
            0, 0,
            0, 0,
            0, 0,
            0, 0,
            0, 0,
            0, 0,
            0, 0,
            0, 0,
            0, 0,
            0, 0,
            0, 0,
            0, 0,
            0, 0,
            0, 0,
            0, 0,
            0
    };
    public static final double[] COFFS_NUM_OF_BAND_2 =  {
            0, 0,
            0, 0,
            0, 0,
            0, 0,
            0, 0,
            0, 0,
            0, 0,
            0, 0,
            0, 0,
            0, 0,
            0, 0,
            0, 0,
            0, 0,
            0, 0,
            0, 0,
            0, 0,
            0, 0,
            0, 0,
            0, 0,
            0, 0,
            0, 0,
            0, 0,
            0, 0,
            0, 0,
            0, 0,
            0, 0,
            0, 0.00048828125,
            0.00048828125, 0.00048828125,
            0.00048828125, 0.00048828125,
            0, 0,
            0, 0,
            0, 0,
            -0.00048828125, -0.00048828125,
            -0.00048828125, -0.00048828125,
            -0.00048828125, -0.00048828125,
            0, 0,
            0, 0,
            0, 0.00048828125,
            0.00048828125, 0.00048828125,
            0.00048828125, 0.00048828125,
            0.00048828125, 0.00048828125,
            0.00048828125, 0,
            0, 0,
            -0.00048828125, -0.00048828125,
            -0.00048828125, -0.00048828125,
            -0.00048828125, -0.00048828125,
            -0.00048828125, -0.00048828125,
            -0.00048828125, 0,
            0, 0,
            0.00048828125, 0.00048828125,
            0.0009765625, 0.0009765625,
            0.0009765625, 0.0009765625,
            0.0009765625, 0.00048828125,
            0.00048828125, 0,
            0, -0.00048828125,
            -0.00048828125, -0.0009765625,
            -0.0009765625, -0.0009765625,
            -0.0009765625, -0.0009765625,
            -0.0009765625, -0.0009765625,
            -0.00048828125, 0,
            0, 0.00048828125,
            0.0009765625, 0.0009765625,
            0.00146484375, 0.00146484375,
            0.00146484375, 0.00146484375,
            0.0009765625, 0.0009765625,
            0.00048828125, 0,
            0, -0.00048828125,
            -0.0009765625, -0.00146484375,
            -0.00146484375, -0.00146484375,
            -0.001953125, -0.00146484375,
            -0.00146484375, -0.0009765625,
            -0.00048828125, 0,
            0.00048828125, 0.0009765625,
            0.00146484375, 0.00146484375,
            0.001953125, 0.001953125,
            0.001953125, 0.001953125,
            0.00146484375, 0.00146484375,
            0.00048828125, 0,
            -0.00048828125, -0.0009765625,
            -0.00146484375, -0.001953125,
            -0.00244140625, -0.00244140625,
            -0.00244140625, -0.00244140625,
            -0.001953125, -0.00146484375,
            -0.0009765625, 0,
            0.0009765625, 0.00146484375,
            0.00244140625, 0.0029296875,
            0.0029296875, 0.00341796875,
            0.00341796875, 0.0029296875,
            0.00244140625, 0.001953125,
            0.0009765625, 0,
            -0.0009765625, -0.001953125,
            -0.0029296875, -0.00341796875,
            -0.00390625, -0.00439453125,
            -0.00390625, -0.00341796875,
            -0.0029296875, -0.001953125,
            -0.0009765625, 0.00048828125,
            0.00146484375, 0.0029296875,
            0.00390625, 0.0048828125,
            0.00537109375, 0.00537109375,
            0.00537109375, 0.00439453125,
            0.00390625, 0.00244140625,
            0.0009765625, -0.00048828125,
            -0.00244140625, -0.00390625,
            -0.00537109375, -0.00634765625,
            -0.0068359375, -0.00732421875,
            -0.0068359375, -0.00634765625,
            -0.0048828125, -0.0029296875,
            -0.0009765625, 0.00146484375,
            0.00341796875, 0.005859375,
            0.0078125, 0.00927734375,
            0.01025390625, 0.01025390625,
            0.01025390625, 0.0087890625,
            0.0068359375, 0.00439453125,
            0.0009765625, -0.00244140625,
            -0.00634765625, -0.009765625,
            -0.01318359375, -0.015625,
            -0.017578125, -0.01806640625,
            -0.017578125, -0.015625,
            -0.01220703125, -0.00732421875,
            -0.0009765625, 0.00634765625,
            0.01513671875, 0.0244140625,
            0.03369140625, 0.04345703125,
            0.052734375, 0.0615234375,
            0.0693359375, 0.07568359375,
            0.08056640625, 0.08349609375,
            0.08447265625, 0.08349609375,
            0.08056640625, 0.07568359375,
            0.0693359375, 0.0615234375,
            0.052734375, 0.04345703125,
            0.03369140625, 0.0244140625,
            0.01513671875, 0.00634765625,
            -0.0009765625, -0.00732421875,
            -0.01220703125, -0.015625,
            -0.017578125, -0.01806640625,
            -0.017578125, -0.015625,
            -0.01318359375, -0.009765625,
            -0.00634765625, -0.00244140625,
            0.0009765625, 0.00439453125,
            0.0068359375, 0.0087890625,
            0.01025390625, 0.01025390625,
            0.01025390625, 0.00927734375,
            0.0078125, 0.005859375,
            0.00341796875, 0.00146484375,
            -0.0009765625, -0.0029296875,
            -0.0048828125, -0.00634765625,
            -0.0068359375, -0.00732421875,
            -0.0068359375, -0.00634765625,
            -0.00537109375, -0.00390625,
            -0.00244140625, -0.00048828125,
            0.0009765625, 0.00244140625,
            0.00390625, 0.00439453125,
            0.00537109375, 0.00537109375,
            0.00537109375, 0.0048828125,
            0.00390625, 0.0029296875,
            0.00146484375, 0.00048828125,
            -0.0009765625, -0.001953125,
            -0.0029296875, -0.00341796875,
            -0.00390625, -0.00439453125,
            -0.00390625, -0.00341796875,
            -0.0029296875, -0.001953125,
            -0.0009765625, 0,
            0.0009765625, 0.001953125,
            0.00244140625, 0.0029296875,
            0.00341796875, 0.00341796875,
            0.0029296875, 0.0029296875,
            0.00244140625, 0.00146484375,
            0.0009765625, 0,
            -0.0009765625, -0.00146484375,
            -0.001953125, -0.00244140625,
            -0.00244140625, -0.00244140625,
            -0.00244140625, -0.001953125,
            -0.00146484375, -0.0009765625,
            -0.00048828125, 0,
            0.00048828125, 0.00146484375,
            0.00146484375, 0.001953125,
            0.001953125, 0.001953125,
            0.001953125, 0.00146484375,
            0.00146484375, 0.0009765625,
            0.00048828125, 0,
            -0.00048828125, -0.0009765625,
            -0.00146484375, -0.00146484375,
            -0.001953125, -0.00146484375,
            -0.00146484375, -0.00146484375,
            -0.0009765625, -0.00048828125,
            0, 0,
            0.00048828125, 0.0009765625,
            0.0009765625, 0.00146484375,
            0.00146484375, 0.00146484375,
            0.00146484375, 0.0009765625,
            0.0009765625, 0.00048828125,
            0, 0,
            -0.00048828125, -0.0009765625,
            -0.0009765625, -0.0009765625,
            -0.0009765625, -0.0009765625,
            -0.0009765625, -0.0009765625,
            -0.00048828125, -0.00048828125,
            0, 0,
            0.00048828125, 0.00048828125,
            0.0009765625, 0.0009765625,
            0.0009765625, 0.0009765625,
            0.0009765625, 0.00048828125,
            0.00048828125, 0,
            0, 0,
            -0.00048828125, -0.00048828125,
            -0.00048828125, -0.00048828125,
            -0.00048828125, -0.00048828125,
            -0.00048828125, -0.00048828125,
            -0.00048828125, 0,
            0, 0,
            0.00048828125, 0.00048828125,
            0.00048828125, 0.00048828125,
            0.00048828125, 0.00048828125,
            0.00048828125, 0.00048828125,
            0, 0,
            0, 0,
            0, -0.00048828125,
            -0.00048828125, -0.00048828125,
            -0.00048828125, -0.00048828125,
            -0.00048828125, 0,
            0, 0,
            0, 0,
            0, 0.00048828125,
            0.00048828125, 0.00048828125,
            0.00048828125, 0.00048828125,
            0, 0,
            0, 0,
            0, 0,
            0, 0,
            0, 0,
            0, 0,
            0, 0,
            0, 0,
            0, 0,
            0, 0,
            0, 0,
            0, 0,
            0, 0,
            0, 0,
            0, 0,
            0, 0,
            0, 0,
            0, 0,
            0, 0,
            0, 0,
            0, 0,
            0, 0,
            0, 0,
            0, 0,
            0, 0,
            0, 0,
            0
    };
    public static final double[] COFFS_NUM_OF_BAND_3 =  {
            0, 0,
            0, 0,
            0, 0,
            0, 0,
            0, 0,
            0, 0,
            0, 0,
            0, 0,
            0, 0,
            0, 0,
            0, 0,
            0, 0,
            0, 0,
            0, 0,
            0, 0,
            0, 0,
            0, 0,
            0, 0,
            0, 0,
            0, 0,
            0, 0,
            0, 0,
            0, 0,
            0, 0,
            0, 0.00048828125,
            0, 0,
            0, 0,
            -0.00048828125, -0.00048828125,
            0, 0,
            0.00048828125, 0.00048828125,
            0.00048828125, 0,
            0, 0,
            -0.00048828125, -0.00048828125,
            0, 0,
            0, 0.00048828125,
            0.00048828125, 0.00048828125,
            0, 0,
            -0.00048828125, -0.00048828125,
            -0.00048828125, 0,
            0, 0.00048828125,
            0.00048828125, 0.00048828125,
            0, 0,
            -0.00048828125, -0.00048828125,
            -0.00048828125, -0.00048828125,
            0, 0.00048828125,
            0.00048828125, 0.00048828125,
            0.00048828125, 0,
            -0.00048828125, -0.00048828125,
            -0.0009765625, -0.00048828125,
            0, 0.00048828125,
            0.00048828125, 0.0009765625,
            0.00048828125, 0.00048828125,
            0, -0.00048828125,
            -0.0009765625, -0.0009765625,
            -0.00048828125, 0,
            0.00048828125, 0.0009765625,
            0.0009765625, 0.00048828125,
            0, -0.00048828125,
            -0.0009765625, -0.0009765625,
            -0.0009765625, 0,
            0.00048828125, 0.0009765625,
            0.00146484375, 0.0009765625,
            0.00048828125, -0.00048828125,
            -0.0009765625, -0.00146484375,
            -0.00146484375, -0.00048828125,
            0, 0.0009765625,
            0.00146484375, 0.00146484375,
            0.0009765625, 0,
            -0.0009765625, -0.00146484375,
            -0.00146484375, -0.0009765625,
            0, 0.0009765625,
            0.00146484375, 0.001953125,
            0.00146484375, 0.00048828125,
            -0.00048828125, -0.00146484375,
            -0.001953125, -0.001953125,
            -0.0009765625, 0.00048828125,
            0.00146484375, 0.00244140625,
            0.001953125, 0.00146484375,
            0, -0.00146484375,
            -0.00244140625, -0.00244140625,
            -0.00146484375, 0,
            0.00146484375, 0.00244140625,
            0.0029296875, 0.001953125,
            0.00048828125, -0.0009765625,
            -0.00244140625, -0.0029296875,
            -0.00244140625, -0.0009765625,
            0.0009765625, 0.00244140625,
            0.00341796875, 0.0029296875,
            0.00146484375, -0.00048828125,
            -0.00244140625, -0.00341796875,
            -0.00341796875, -0.00244140625,
            0, 0.001953125,
            0.00390625, 0.00390625,
            0.0029296875, 0.00048828125,
            -0.001953125, -0.00390625,
            -0.00439453125, -0.00390625,
            -0.00146484375, 0.00146484375,
            0.00390625, 0.00537109375,
            0.00439453125, 0.00244140625,
            -0.0009765625, -0.00390625,
            -0.005859375, -0.00537109375,
            -0.00341796875, 0,
            0.00390625, 0.00634765625,
            0.00634765625, 0.00439453125,
            0.0009765625, -0.00341796875,
            -0.0068359375, -0.0078125,
            -0.005859375, -0.001953125,
            0.0029296875, 0.00732421875,
            0.0087890625, 0.0078125,
            0.00341796875, -0.001953125,
            -0.00732421875, -0.0107421875,
            -0.009765625, -0.005859375,
            0.0009765625, 0.0078125,
            0.0126953125, 0.0126953125,
            0.0087890625, 0.0009765625,
            -0.00830078125, -0.01513671875,
            -0.01708984375, -0.01318359375,
            -0.00390625, 0.00830078125,
            0.01904296875, 0.0244140625,
            0.02099609375, 0.00927734375,
            -0.0087890625, -0.02685546875,
            -0.03955078125, -0.03955078125,
            -0.02392578125, 0.0087890625,
            0.0537109375, 0.10302734375,
            0.1484375, 0.18017578125,
            0.19140625, 0.18017578125,
            0.1484375, 0.10302734375,
            0.0537109375, 0.0087890625,
            -0.02392578125, -0.03955078125,
            -0.03955078125, -0.02685546875,
            -0.0087890625, 0.00927734375,
            0.02099609375, 0.0244140625,
            0.01904296875, 0.00830078125,
            -0.00390625, -0.01318359375,
            -0.01708984375, -0.01513671875,
            -0.00830078125, 0.0009765625,
            0.0087890625, 0.0126953125,
            0.0126953125, 0.0078125,
            0.0009765625, -0.005859375,
            -0.009765625, -0.0107421875,
            -0.00732421875, -0.001953125,
            0.00341796875, 0.0078125,
            0.0087890625, 0.00732421875,
            0.0029296875, -0.001953125,
            -0.005859375, -0.0078125,
            -0.0068359375, -0.00341796875,
            0.0009765625, 0.00439453125,
            0.00634765625, 0.00634765625,
            0.00390625, 0,
            -0.00341796875, -0.00537109375,
            -0.005859375, -0.00390625,
            -0.0009765625, 0.00244140625,
            0.00439453125, 0.00537109375,
            0.00390625, 0.00146484375,
            -0.00146484375, -0.00390625,
            -0.00439453125, -0.00390625,
            -0.001953125, 0.00048828125,
            0.0029296875, 0.00390625,
            0.00390625, 0.001953125,
            0, -0.00244140625,
            -0.00341796875, -0.00341796875,
            -0.00244140625, -0.00048828125,
            0.00146484375, 0.0029296875,
            0.00341796875, 0.00244140625,
            0.0009765625, -0.0009765625,
            -0.00244140625, -0.0029296875,
            -0.00244140625, -0.0009765625,
            0.00048828125, 0.001953125,
            0.0029296875, 0.00244140625,
            0.00146484375, 0,
            -0.00146484375, -0.00244140625,
            -0.00244140625, -0.00146484375,
            0, 0.00146484375,
            0.001953125, 0.00244140625,
            0.00146484375, 0.00048828125,
            -0.0009765625, -0.001953125,
            -0.001953125, -0.00146484375,
            -0.00048828125, 0.00048828125,
            0.00146484375, 0.001953125,
            0.00146484375, 0.0009765625,
            0, -0.0009765625,
            -0.00146484375, -0.00146484375,
            -0.0009765625, 0,
            0.0009765625, 0.00146484375,
            0.00146484375, 0.0009765625,
            0, -0.00048828125,
            -0.00146484375, -0.00146484375,
            -0.0009765625, -0.00048828125,
            0.00048828125, 0.0009765625,
            0.00146484375, 0.0009765625,
            0.00048828125, 0,
            -0.0009765625, -0.0009765625,
            -0.0009765625, -0.00048828125,
            0, 0.00048828125,
            0.0009765625, 0.0009765625,
            0.00048828125, 0,
            -0.00048828125, -0.0009765625,
            -0.0009765625, -0.00048828125,
            0, 0.00048828125,
            0.00048828125, 0.0009765625,
            0.00048828125, 0.00048828125,
            0, -0.00048828125,
            -0.0009765625, -0.00048828125,
            -0.00048828125, 0,
            0.00048828125, 0.00048828125,
            0.00048828125, 0.00048828125,
            0, -0.00048828125,
            -0.00048828125, -0.00048828125,
            -0.00048828125, 0,
            0, 0.00048828125,
            0.00048828125, 0.00048828125,
            0, 0,
            -0.00048828125, -0.00048828125,
            -0.00048828125, 0,
            0, 0.00048828125,
            0.00048828125, 0.00048828125,
            0, 0,
            0, -0.00048828125,
            -0.00048828125, 0,
            0, 0,
            0.00048828125, 0.00048828125,
            0.00048828125, 0,
            0, -0.00048828125,
            -0.00048828125, 0,
            0, 0,
            0, 0.00048828125,
            0, 0,
            0, 0,
            0, 0,
            0, 0,
            0, 0,
            0, 0,
            0, 0,
            0, 0,
            0, 0,
            0, 0,
            0, 0,
            0, 0,
            0, 0,
            0, 0,
            0, 0,
            0, 0,
            0, 0,
            0, 0,
            0, 0,
            0, 0,
            0, 0,
            0, 0,
            0, 0,
            0, 0,
            0
    };
    public static final double[] COFFS_NUM_OF_BAND_4 =  {
            0, 0,
            0, 0,
            0, 0,
            0, 0,
            0, 0,
            0, 0,
            0, 0,
            0, 0,
            0, 0,
            0, 0,
            0, 0,
            0, 0,
            0, 0,
            0, 0,
            0, 0,
            0, 0,
            0, 0,
            0, 0,
            0, 0,
            0, 0,
            0, 0,
            0, 0,
            0, 0,
            0, 0,
            0, -0.00048828125,
            0, 0.00048828125,
            0, 0,
            -0.00048828125, 0,
            0.00048828125, 0,
            0, -0.00048828125,
            0, 0.00048828125,
            0, -0.00048828125,
            -0.00048828125, 0,
            0.00048828125, 0,
            -0.00048828125, -0.00048828125,
            0, 0.00048828125,
            0, -0.00048828125,
            -0.00048828125, 0,
            0.00048828125, 0,
            -0.00048828125, -0.00048828125,
            0, 0.00048828125,
            0, -0.00048828125,
            -0.00048828125, 0.00048828125,
            0.00048828125, 0,
            -0.00048828125, -0.00048828125,
            0.00048828125, 0.00048828125,
            0, -0.00048828125,
            -0.00048828125, 0.00048828125,
            0.0009765625, 0,
            -0.0009765625, -0.00048828125,
            0.00048828125, 0.0009765625,
            0, -0.0009765625,
            -0.00048828125, 0.00048828125,
            0.0009765625, 0,
            -0.0009765625, -0.00048828125,
            0.0009765625, 0.0009765625,
            -0.00048828125, -0.0009765625,
            -0.00048828125, 0.0009765625,
            0.0009765625, -0.00048828125,
            -0.0009765625, -0.00048828125,
            0.0009765625, 0.0009765625,
            -0.00048828125, -0.00146484375,
            0, 0.00146484375,
            0.0009765625, -0.00048828125,
            -0.00146484375, 0,
            0.00146484375, 0.0009765625,
            -0.0009765625, -0.00146484375,
            0, 0.00146484375,
            0.0009765625, -0.0009765625,
            -0.00146484375, 0,
            0.001953125, 0.0009765625,
            -0.00146484375, -0.001953125,
            0.00048828125, 0.001953125,
            0.0009765625, -0.00146484375,
            -0.001953125, 0.00048828125,
            0.001953125, 0.0009765625,
            -0.001953125, -0.001953125,
            0.0009765625, 0.00244140625,
            0.00048828125, -0.001953125,
            -0.001953125, 0.0009765625,
            0.00244140625, 0.00048828125,
            -0.00244140625, -0.001953125,
            0.00146484375, 0.0029296875,
            0.00048828125, -0.0029296875,
            -0.001953125, 0.00146484375,
            0.0029296875, 0,
            -0.0029296875, -0.001953125,
            0.001953125, 0.00341796875,
            0, -0.00341796875,
            -0.001953125, 0.00244140625,
            0.00341796875, -0.00048828125,
            -0.00390625, -0.001953125,
            0.0029296875, 0.00341796875,
            -0.0009765625, -0.00439453125,
            -0.00146484375, 0.00341796875,
            0.00390625, -0.00146484375,
            -0.0048828125, -0.00146484375,
            0.00439453125, 0.00390625,
            -0.001953125, -0.00537109375,
            -0.0009765625, 0.0048828125,
            0.00439453125, -0.00244140625,
            -0.005859375, -0.0009765625,
            0.005859375, 0.00439453125,
            -0.00341796875, -0.0068359375,
            -0.00048828125, 0.0068359375,
            0.00439453125, -0.00439453125,
            -0.00732421875, 0,
            0.00830078125, 0.0048828125,
            -0.005859375, -0.00830078125,
            0.0009765625, 0.009765625,
            0.0048828125, -0.00732421875,
            -0.009765625, 0.001953125,
            0.01171875, 0.0048828125,
            -0.009765625, -0.01123046875,
            0.00390625, 0.01513671875,
            0.0048828125, -0.013671875,
            -0.013671875, 0.00634765625,
            0.01953125, 0.0048828125,
            -0.01953125, -0.01806640625,
            0.01123046875, 0.0283203125,
            0.0048828125, -0.03173828125,
            -0.02734375, 0.0224609375,
            0.0517578125, 0.00537109375,
            -0.07373046875, -0.06640625,
            0.08935546875, 0.30419921875,
            0.4052734375, 0.30419921875,
            0.08935546875, -0.06640625,
            -0.07373046875, 0.00537109375,
            0.0517578125, 0.0224609375,
            -0.02734375, -0.03173828125,
            0.0048828125, 0.0283203125,
            0.01123046875, -0.01806640625,
            -0.01953125, 0.0048828125,
            0.01953125, 0.00634765625,
            -0.013671875, -0.013671875,
            0.0048828125, 0.01513671875,
            0.00390625, -0.01123046875,
            -0.009765625, 0.0048828125,
            0.01171875, 0.001953125,
            -0.009765625, -0.00732421875,
            0.0048828125, 0.009765625,
            0.0009765625, -0.00830078125,
            -0.005859375, 0.0048828125,
            0.00830078125, 0,
            -0.00732421875, -0.00439453125,
            0.00439453125, 0.0068359375,
            -0.00048828125, -0.0068359375,
            -0.00341796875, 0.00439453125,
            0.005859375, -0.0009765625,
            -0.005859375, -0.00244140625,
            0.00439453125, 0.0048828125,
            -0.0009765625, -0.00537109375,
            -0.001953125, 0.00390625,
            0.00439453125, -0.00146484375,
            -0.0048828125, -0.00146484375,
            0.00390625, 0.00341796875,
            -0.00146484375, -0.00439453125,
            -0.0009765625, 0.00341796875,
            0.0029296875, -0.001953125,
            -0.00390625, -0.00048828125,
            0.00341796875, 0.00244140625,
            -0.001953125, -0.00341796875,
            0, 0.00341796875,
            0.001953125, -0.001953125,
            -0.0029296875, 0,
            0.0029296875, 0.00146484375,
            -0.001953125, -0.0029296875,
            0.00048828125, 0.0029296875,
            0.00146484375, -0.001953125,
            -0.00244140625, 0.00048828125,
            0.00244140625, 0.0009765625,
            -0.001953125, -0.001953125,
            0.00048828125, 0.00244140625,
            0.0009765625, -0.001953125,
            -0.001953125, 0.0009765625,
            0.001953125, 0.00048828125,
            -0.001953125, -0.00146484375,
            0.0009765625, 0.001953125,
            0.00048828125, -0.001953125,
            -0.00146484375, 0.0009765625,
            0.001953125, 0,
            -0.00146484375, -0.0009765625,
            0.0009765625, 0.00146484375,
            0, -0.00146484375,
            -0.0009765625, 0.0009765625,
            0.00146484375, 0,
            -0.00146484375, -0.00048828125,
            0.0009765625, 0.00146484375,
            0, -0.00146484375,
            -0.00048828125, 0.0009765625,
            0.0009765625, -0.00048828125,
            -0.0009765625, -0.00048828125,
            0.0009765625, 0.0009765625,
            -0.00048828125, -0.0009765625,
            -0.00048828125, 0.0009765625,
            0.0009765625, -0.00048828125,
            -0.0009765625, 0,
            0.0009765625, 0.00048828125,
            -0.00048828125, -0.0009765625,
            0, 0.0009765625,
            0.00048828125, -0.00048828125,
            -0.0009765625, 0,
            0.0009765625, 0.00048828125,
            -0.00048828125, -0.00048828125,
            0, 0.00048828125,
            0.00048828125, -0.00048828125,
            -0.00048828125, 0,
            0.00048828125, 0.00048828125,
            -0.00048828125, -0.00048828125,
            0, 0.00048828125,
            0, -0.00048828125,
            -0.00048828125, 0,
            0.00048828125, 0,
            -0.00048828125, -0.00048828125,
            0, 0.00048828125,
            0, -0.00048828125,
            -0.00048828125, 0,
            0.00048828125, 0,
            -0.00048828125, -0.00048828125,
            0, 0.00048828125,
            0, -0.00048828125,
            0, 0,
            0.00048828125, 0,
            -0.00048828125, 0,
            0, 0.00048828125,
            0, -0.00048828125,
            0, 0,
            0, 0,
            0, 0,
            0, 0,
            0, 0,
            0, 0,
            0, 0,
            0, 0,
            0, 0,
            0, 0,
            0, 0,
            0, 0,
            0, 0,
            0, 0,
            0, 0,
            0, 0,
            0, 0,
            0, 0,
            0, 0,
            0, 0,
            0, 0,
            0, 0,
            0, 0,
            0, 0,
            0
    };
    public static final double[] COFFS_NUM_OF_BAND_5 =  {
            0, 0,
            0, 0,
            0, 0,
            0, 0,
            0, 0,
            0, 0,
            0, 0,
            0, 0,
            0, 0,
            0, 0,
            0, 0,
            0, 0,
            0, 0,
            0, 0,
            0, 0,
            0, 0,
            0, 0,
            0, 0,
            0, 0,
            0, 0,
            0, 0,
            0, 0,
            0, 0,
            0, 0,
            0, -0.00048828125,
            0, 0,
            0, 0,
            -0.00048828125, 0.00048828125,
            -0.00048828125, 0,
            0, 0,
            0.00048828125, -0.00048828125,
            0.00048828125, 0,
            0, 0,
            -0.00048828125, 0.00048828125,
            -0.00048828125, 0,
            0, 0,
            0.00048828125, -0.00048828125,
            0.00048828125, -0.00048828125,
            0, 0.00048828125,
            -0.00048828125, 0.00048828125,
            -0.00048828125, 0.00048828125,
            0, -0.00048828125,
            0.00048828125, -0.00048828125,
            0.00048828125, -0.00048828125,
            0, 0.00048828125,
            -0.00048828125, 0.00048828125,
            -0.00048828125, 0.00048828125,
            0, -0.00048828125,
            0.00048828125, -0.0009765625,
            0.00048828125, -0.00048828125,
            0, 0.00048828125,
            -0.0009765625, 0.0009765625,
            -0.0009765625, 0.00048828125,
            0, -0.00048828125,
            0.0009765625, -0.0009765625,
            0.0009765625, -0.00048828125,
            0, 0.00048828125,
            -0.0009765625, 0.0009765625,
            -0.0009765625, 0.00048828125,
            0, -0.00048828125,
            0.0009765625, -0.00146484375,
            0.0009765625, -0.00048828125,
            0, 0.00048828125,
            -0.0009765625, 0.00146484375,
            -0.00146484375, 0.0009765625,
            0, -0.0009765625,
            0.00146484375, -0.00146484375,
            0.00146484375, -0.0009765625,
            0, 0.0009765625,
            -0.00146484375, 0.001953125,
            -0.00146484375, 0.0009765625,
            0, -0.0009765625,
            0.00146484375, -0.001953125,
            0.001953125, -0.0009765625,
            0, 0.0009765625,
            -0.001953125, 0.00244140625,
            -0.001953125, 0.0009765625,
            0, -0.0009765625,
            0.001953125, -0.00244140625,
            0.001953125, -0.00146484375,
            0, 0.00146484375,
            -0.00244140625, 0.0029296875,
            -0.00244140625, 0.00146484375,
            0, -0.00146484375,
            0.00244140625, -0.0029296875,
            0.0029296875, -0.00146484375,
            0, 0.00146484375,
            -0.0029296875, 0.00341796875,
            -0.0029296875, 0.001953125,
            0, -0.001953125,
            0.00341796875, -0.00390625,
            0.00341796875, -0.001953125,
            0, 0.001953125,
            -0.00390625, 0.00439453125,
            -0.00390625, 0.00244140625,
            0, -0.00244140625,
            0.00439453125, -0.0048828125,
            0.00439453125, -0.00244140625,
            0, 0.0029296875,
            -0.0048828125, 0.005859375,
            -0.0048828125, 0.0029296875,
            0, -0.0029296875,
            0.00537109375, -0.00634765625,
            0.005859375, -0.00341796875,
            0, 0.00341796875,
            -0.00634765625, 0.0078125,
            -0.0068359375, 0.00390625,
            0, -0.00439453125,
            0.0078125, -0.00927734375,
            0.00830078125, -0.0048828125,
            0, 0.00537109375,
            -0.009765625, 0.01171875,
            -0.01025390625, 0.00634765625,
            0, -0.0068359375,
            0.01220703125, -0.01513671875,
            0.013671875, -0.00830078125,
            0, 0.00927734375,
            -0.01708984375, 0.02099609375,
            -0.01953125, 0.01220703125,
            0, -0.01416015625,
            0.02734375, -0.03515625,
            0.0341796875, -0.0224609375,
            0, 0.03173828125,
            -0.06884765625, 0.10595703125,
            -0.1376953125, 0.1591796875,
            0.83349609375, 0.1591796875,
            -0.1376953125, 0.10595703125,
            -0.06884765625, 0.03173828125,
            0, -0.0224609375,
            0.0341796875, -0.03515625,
            0.02734375, -0.01416015625,
            0, 0.01220703125,
            -0.01953125, 0.02099609375,
            -0.01708984375, 0.00927734375,
            0, -0.00830078125,
            0.013671875, -0.01513671875,
            0.01220703125, -0.0068359375,
            0, 0.00634765625,
            -0.01025390625, 0.01171875,
            -0.009765625, 0.00537109375,
            0, -0.0048828125,
            0.00830078125, -0.00927734375,
            0.0078125, -0.00439453125,
            0, 0.00390625,
            -0.0068359375, 0.0078125,
            -0.00634765625, 0.00341796875,
            0, -0.00341796875,
            0.005859375, -0.00634765625,
            0.00537109375, -0.0029296875,
            0, 0.0029296875,
            -0.0048828125, 0.005859375,
            -0.0048828125, 0.0029296875,
            0, -0.00244140625,
            0.00439453125, -0.0048828125,
            0.00439453125, -0.00244140625,
            0, 0.00244140625,
            -0.00390625, 0.00439453125,
            -0.00390625, 0.001953125,
            0, -0.001953125,
            0.00341796875, -0.00390625,
            0.00341796875, -0.001953125,
            0, 0.001953125,
            -0.0029296875, 0.00341796875,
            -0.0029296875, 0.00146484375,
            0, -0.00146484375,
            0.0029296875, -0.0029296875,
            0.00244140625, -0.00146484375,
            0, 0.00146484375,
            -0.00244140625, 0.0029296875,
            -0.00244140625, 0.00146484375,
            0, -0.00146484375,
            0.001953125, -0.00244140625,
            0.001953125, -0.0009765625,
            0, 0.0009765625,
            -0.001953125, 0.00244140625,
            -0.001953125, 0.0009765625,
            0, -0.0009765625,
            0.001953125, -0.001953125,
            0.00146484375, -0.0009765625,
            0, 0.0009765625,
            -0.00146484375, 0.001953125,
            -0.00146484375, 0.0009765625,
            0, -0.0009765625,
            0.00146484375, -0.00146484375,
            0.00146484375, -0.0009765625,
            0, 0.0009765625,
            -0.00146484375, 0.00146484375,
            -0.0009765625, 0.00048828125,
            0, -0.00048828125,
            0.0009765625, -0.00146484375,
            0.0009765625, -0.00048828125,
            0, 0.00048828125,
            -0.0009765625, 0.0009765625,
            -0.0009765625, 0.00048828125,
            0, -0.00048828125,
            0.0009765625, -0.0009765625,
            0.0009765625, -0.00048828125,
            0, 0.00048828125,
            -0.0009765625, 0.0009765625,
            -0.0009765625, 0.00048828125,
            0, -0.00048828125,
            0.00048828125, -0.0009765625,
            0.00048828125, -0.00048828125,
            0, 0.00048828125,
            -0.00048828125, 0.00048828125,
            -0.00048828125, 0.00048828125,
            0, -0.00048828125,
            0.00048828125, -0.00048828125,
            0.00048828125, -0.00048828125,
            0, 0.00048828125,
            -0.00048828125, 0.00048828125,
            -0.00048828125, 0.00048828125,
            0, -0.00048828125,
            0.00048828125, -0.00048828125,
            0.00048828125, 0,
            0, 0,
            -0.00048828125, 0.00048828125,
            -0.00048828125, 0,
            0, 0,
            0.00048828125, -0.00048828125,
            0.00048828125, 0,
            0, 0,
            -0.00048828125, 0.00048828125,
            -0.00048828125, 0,
            0, 0,
            0, -0.00048828125,
            0, 0,
            0, 0,
            0, 0,
            0, 0,
            0, 0,
            0, 0,
            0, 0,
            0, 0,
            0, 0,
            0, 0,
            0, 0,
            0, 0,
            0, 0,
            0, 0,
            0, 0,
            0, 0,
            0, 0,
            0, 0,
            0, 0,
            0, 0,
            0, 0,
            0, 0,
            0, 0,
            0, 0,
            0
    };
}
