//Коэф. фильтра для порядка 100

package equalizer;

public final class FilterInfo {
    public static final int COUNT_OF_BANDS = 6;
    public static final double[] COFFS_NUM_OF_BAND_0 =  {
            0.00146484375, 0.00146484375,
            0.00146484375, 0.00146484375,
            0.00146484375, 0.001953125,
            0.001953125, 0.001953125,
            0.00244140625, 0.0029296875,
            0.0029296875, 0.00341796875,
            0.00390625, 0.00390625,
            0.00439453125, 0.0048828125,
            0.00537109375, 0.005859375,
            0.00634765625, 0.0068359375,
            0.00732421875, 0.0078125,
            0.00830078125, 0.0087890625,
            0.00927734375, 0.009765625,
            0.01025390625, 0.01123046875,
            0.01171875, 0.01220703125,
            0.0126953125, 0.01318359375,
            0.013671875, 0.01416015625,
            0.0146484375, 0.01513671875,
            0.015625, 0.01611328125,
            0.01611328125, 0.0166015625,
            0.01708984375, 0.01708984375,
            0.017578125, 0.01806640625,
            0.01806640625, 0.01806640625,
            0.0185546875, 0.0185546875,
            0.0185546875, 0.0185546875,
            0.0185546875, 0.0185546875,
            0.0185546875, 0.0185546875,
            0.0185546875, 0.01806640625,
            0.01806640625, 0.01806640625,
            0.017578125, 0.01708984375,
            0.01708984375, 0.0166015625,
            0.01611328125, 0.01611328125,
            0.015625, 0.01513671875,
            0.0146484375, 0.01416015625,
            0.013671875, 0.01318359375,
            0.0126953125, 0.01220703125,
            0.01171875, 0.01123046875,
            0.01025390625, 0.009765625,
            0.00927734375, 0.0087890625,
            0.00830078125, 0.0078125,
            0.00732421875, 0.0068359375,
            0.00634765625, 0.005859375,
            0.00537109375, 0.0048828125,
            0.00439453125, 0.00390625,
            0.00390625, 0.00341796875,
            0.0029296875, 0.0029296875,
            0.00244140625, 0.001953125,
            0.001953125, 0.001953125,
            0.00146484375, 0.00146484375,
            0.00146484375, 0.00146484375,
            0.00146484375
    };

    public static final double[] COFFS_NUM_OF_BAND_1 =  {
            -0.00048828125, -0.00048828125,
            -0.00048828125, -0.00048828125,
            -0.00048828125, -0.00048828125,
            -0.00048828125, -0.0009765625,
            -0.0009765625, -0.0009765625,
            -0.0009765625, -0.0009765625,
            -0.0009765625, -0.00048828125,
            -0.00048828125, -0.00048828125,
            0, 0,
            0.00048828125, 0.0009765625,
            0.00146484375, 0.001953125,
            0.00244140625, 0.00341796875,
            0.00390625, 0.0048828125,
            0.005859375, 0.0068359375,
            0.0078125, 0.00927734375,
            0.01025390625, 0.01171875,
            0.01318359375, 0.0146484375,
            0.01611328125, 0.01708984375,
            0.0185546875, 0.02001953125,
            0.021484375, 0.02294921875,
            0.02392578125, 0.025390625,
            0.0263671875, 0.02734375,
            0.0283203125, 0.02880859375,
            0.02978515625, 0.0302734375,
            0.0302734375, 0.03076171875,
            0.03076171875, 0.03076171875,
            0.0302734375, 0.0302734375,
            0.02978515625, 0.02880859375,
            0.0283203125, 0.02734375,
            0.0263671875, 0.025390625,
            0.02392578125, 0.02294921875,
            0.021484375, 0.02001953125,
            0.0185546875, 0.01708984375,
            0.01611328125, 0.0146484375,
            0.01318359375, 0.01171875,
            0.01025390625, 0.00927734375,
            0.0078125, 0.0068359375,
            0.005859375, 0.0048828125,
            0.00390625, 0.00341796875,
            0.00244140625, 0.001953125,
            0.00146484375, 0.0009765625,
            0.00048828125, 0,
            0, -0.00048828125,
            -0.00048828125, -0.00048828125,
            -0.0009765625, -0.0009765625,
            -0.0009765625, -0.0009765625,
            -0.0009765625, -0.0009765625,
            -0.00048828125, -0.00048828125,
            -0.00048828125, -0.00048828125,
            -0.00048828125, -0.00048828125,
            -0.00048828125
    };
    public static final double[] COFFS_NUM_OF_BAND_2 =  {
            0.00048828125, 0,
            0, 0,
            0, -0.00048828125,
            -0.00048828125, -0.0009765625,
            -0.0009765625, -0.0009765625,
            -0.00146484375, -0.0009765625,
            -0.0009765625, -0.00048828125,
            -0.00048828125, 0.00048828125,
            0.0009765625, 0.001953125,
            0.0029296875, 0.00341796875,
            0.00439453125, 0.00439453125,
            0.0048828125, 0.00439453125,
            0.00341796875, 0.00244140625,
            0.00048828125, -0.00146484375,
            -0.00390625, -0.00634765625,
            -0.00927734375, -0.01123046875,
            -0.01318359375, -0.01416015625,
            -0.01416015625, -0.0126953125,
            -0.01025390625, -0.00634765625,
            -0.0009765625, 0.005859375,
            0.013671875, 0.0224609375,
            0.0322265625, 0.0419921875,
            0.05126953125, 0.060546875,
            0.068359375, 0.0751953125,
            0.080078125, 0.08349609375,
            0.08447265625, 0.08349609375,
            0.080078125, 0.0751953125,
            0.068359375, 0.060546875,
            0.05126953125, 0.0419921875,
            0.0322265625, 0.0224609375,
            0.013671875, 0.005859375,
            -0.0009765625, -0.00634765625,
            -0.01025390625, -0.0126953125,
            -0.01416015625, -0.01416015625,
            -0.01318359375, -0.01123046875,
            -0.00927734375, -0.00634765625,
            -0.00390625, -0.00146484375,
            0.00048828125, 0.00244140625,
            0.00341796875, 0.00439453125,
            0.0048828125, 0.00439453125,
            0.00439453125, 0.00341796875,
            0.0029296875, 0.001953125,
            0.0009765625, 0.00048828125,
            -0.00048828125, -0.00048828125,
            -0.0009765625, -0.0009765625,
            -0.00146484375, -0.0009765625,
            -0.0009765625, -0.0009765625,
            -0.00048828125, -0.00048828125,
            0, 0,
            0, 0,
            0.00048828125
    };
    public static final double[] COFFS_NUM_OF_BAND_3 =  {
            0.00048828125, 0.0009765625,
            0.00048828125, 0,
            -0.00048828125, -0.0009765625,
            -0.00146484375, -0.00146484375,
            -0.00048828125, 0.0009765625,
            0.001953125, 0.0029296875,
            0.00244140625, 0.00146484375,
            -0.0009765625, -0.0029296875,
            -0.00439453125, -0.0048828125,
            -0.0029296875, 0.00048828125,
            0.00439453125, 0.00732421875,
            0.0078125, 0.00537109375,
            0.00048828125, -0.005859375,
            -0.0107421875, -0.0126953125,
            -0.01025390625, -0.0029296875,
            0.0068359375, 0.01611328125,
            0.02099609375, 0.0185546875,
            0.00830078125, -0.0078125,
            -0.025390625, -0.03759765625,
            -0.0380859375, -0.02294921875,
            0.00830078125, 0.052734375,
            0.1025390625, 0.14794921875,
            0.18017578125, 0.19140625,
            0.18017578125, 0.14794921875,
            0.1025390625, 0.052734375,
            0.00830078125, -0.02294921875,
            -0.0380859375, -0.03759765625,
            -0.025390625, -0.0078125,
            0.00830078125, 0.0185546875,
            0.02099609375, 0.01611328125,
            0.0068359375, -0.0029296875,
            -0.01025390625, -0.0126953125,
            -0.0107421875, -0.005859375,
            0.00048828125, 0.00537109375,
            0.0078125, 0.00732421875,
            0.00439453125, 0.00048828125,
            -0.0029296875, -0.0048828125,
            -0.00439453125, -0.0029296875,
            -0.0009765625, 0.00146484375,
            0.00244140625, 0.0029296875,
            0.001953125, 0.0009765625,
            -0.00048828125, -0.00146484375,
            -0.00146484375, -0.0009765625,
            -0.00048828125, 0,
            0.00048828125, 0.0009765625,
            0.00048828125, 0.00048828125,
            0, -0.00048828125,
            -0.00048828125, -0.00048828125,
    };
    public static final double[] COFFS_NUM_OF_BAND_4 =  {
            0.00048828125, 0,
            -0.00048828125, 0,
            0.00048828125, 0.00048828125,
            -0.00048828125, -0.0009765625,
            0, 0.0009765625,
            0.0009765625, -0.0009765625,
            -0.00146484375, 0,
            0.001953125, 0.00146484375,
            -0.001953125, -0.0029296875,
            0.00048828125, 0.00390625,
            0.001953125, -0.00341796875,
            -0.00439453125, 0.0009765625,
            0.00634765625, 0.0029296875,
            -0.005859375, -0.0068359375,
            0.00244140625, 0.009765625,
            0.00341796875, -0.009765625,
            -0.01025390625, 0.0048828125,
            0.015625, 0.00390625,
            -0.01611328125, -0.015625,
            0.009765625, 0.02587890625,
            0.0048828125, -0.029296875,
            -0.02587890625, 0.021484375,
            0.05029296875, 0.0048828125,
            -0.07275390625, -0.06591796875,
            0.0888671875, 0.30419921875,
            0.4052734375, 0.30419921875,
            0.0888671875, -0.06591796875,
            -0.07275390625, 0.0048828125,
            0.05029296875, 0.021484375,
            -0.02587890625, -0.029296875,
            0.0048828125, 0.02587890625,
            0.009765625, -0.015625,
            -0.01611328125, 0.00390625,
            0.015625, 0.0048828125,
            -0.01025390625, -0.009765625,
            0.00341796875, 0.009765625,
            0.00244140625, -0.0068359375,
            -0.005859375, 0.0029296875,
            0.00634765625, 0.0009765625,
            -0.00439453125, -0.00341796875,
            0.001953125, 0.00390625,
            0.00048828125, -0.0029296875,
            -0.001953125, 0.00146484375,
            0.001953125, 0,
            -0.00146484375, -0.0009765625,
            0.0009765625, 0.0009765625,
            0, -0.0009765625,
            -0.00048828125, 0.00048828125,
            0.00048828125, 0,
            -0.00048828125, 0,
            0.00048828125
    };
    public static final double[] COFFS_NUM_OF_BAND_5 =  {
            -0.00048828125, 0.00048828125,
            0, -0.00048828125,
            0.00048828125, -0.00048828125,
            0.00048828125, -0.00048828125,
            0, 0.00048828125,
            -0.0009765625, 0.00146484375,
            -0.00146484375, 0.0009765625,
            0, -0.00146484375,
            0.00244140625, -0.0029296875,
            0.0029296875, -0.001953125,
            0, 0.00244140625,
            -0.00439453125, 0.005859375,
            -0.00537109375, 0.00341796875,
            0, -0.00390625,
            0.0078125, -0.009765625,
            0.00927734375, -0.005859375,
            0, 0.00732421875,
            -0.013671875, 0.01708984375,
            -0.0166015625, 0.01025390625,
            0, -0.01318359375,
            0.025390625, -0.03271484375,
            0.03271484375, -0.02197265625,
            0, 0.03125,
            -0.06787109375, 0.10546875,
            -0.13720703125, 0.1591796875,
            0.833984375, 0.1591796875,
            -0.13720703125, 0.10546875,
            -0.06787109375, 0.03125,
            0, -0.02197265625,
            0.03271484375, -0.03271484375,
            0.025390625, -0.01318359375,
            0, 0.01025390625,
            -0.0166015625, 0.01708984375,
            -0.013671875, 0.00732421875,
            0, -0.005859375,
            0.00927734375, -0.009765625,
            0.0078125, -0.00390625,
            0, 0.00341796875,
            -0.00537109375, 0.005859375,
            -0.00439453125, 0.00244140625,
            0, -0.001953125,
            0.0029296875, -0.0029296875,
            0.00244140625, -0.00146484375,
            0, 0.0009765625,
            -0.00146484375, 0.00146484375,
            -0.0009765625, 0.00048828125,
            0, -0.00048828125,
            0.00048828125, -0.00048828125,
            0.00048828125, -0.00048828125,
            0, 0.00048828125,
            -0.00048828125
    };
}
